run             arm              TEST bpb     vs p0_A_c       SE       z  zero_read   shuffle  non-emb M    tok/s  load
p0_R_Q          qwen              1.56547      -0.10241  0.00059  -172.5                            2.90   284884   1.2
p0_A_dense      sdmonly_dense     1.58582      -0.08206  0.00042  -193.2                            1.45   295557   1.0
p0_A_ro         sdmonly           1.59750      -0.07038  0.00038  -183.5    1.60483   1.60327      69.02   216108   1.1
p0_R_S          sdm               1.59778      -0.07010  0.00038  -185.7    1.60900   1.60464       3.36   262987   0.5
p0_R_N          sdm_nostore       1.60038      -0.06750  0.00038  -176.0                            1.38   300067   1.0
p0_A_lr10       sdmonly           1.64848      -0.01941  0.00026   -74.0    2.83305   2.44334      68.49   216932   1.2
p0_A_lr6        sdmonly           1.65185      -0.01604  0.00022   -72.3    2.44745   2.28723      68.49   216342   1.1
p0_A_wsd        sdmonly           1.65378      -0.01411  0.00023   -60.2    2.64451   2.49991      68.49   215733   1.2
p0_A_none       sdmonly_none      1.66239      -0.00549  0.00021   -26.2                            0.86   303184   0.9
p0_A_slr1       sdmonly           1.66520      -0.00268  0.00011   -23.5    2.33333   2.30765      68.49   215828   1.0
p0_A_wd         sdmonly           1.66564      -0.00224  0.00009   -24.2    1.94277   1.90969      68.49   213403   1.1
p0_A_soft5      sdmonly           1.66714      -0.00074  0.00009    -8.1    2.93611   2.72176      68.49   215836   1.0
p0_A_h8         sdmonly           1.66721      -0.00067  0.00021    -3.1    3.51062   3.25291     136.12   167739   1.1
p0_A_h2         sdmonly           1.66724      -0.00064  0.00021    -3.1    2.07401   1.96707      34.67   251261   1.0
p0_A_heads4     sdmonly           1.66730      -0.00058  0.00020    -2.9    3.03653   2.79984      70.06   140026   1.7
p0_A_k16        sdmonly           1.66782      -0.00006  0.00009    -0.7    2.91665   2.81032      68.49   234123   1.2
p0_A_c          sdmonly           1.66788                                   2.67223   2.54509      68.49   216704   0.0
p0_A_n512       sdmonly           1.66804      +0.00015  0.00008    +1.8    2.61164   2.58726     270.08   164000   1.0
p0_A_n128       sdmonly           1.66835      +0.00047  0.00010    +4.9    2.62866   2.18124      18.03   237157   1.0
p0_A_k64        sdmonly           1.66851      +0.00063  0.00009    +7.1    3.11707   2.83075      68.49   175073   1.0
p0_A_share      sdmonly           1.66873      +0.00085  0.00009    +8.9    2.83087   2.31109      17.96   232934   1.0
p0_A_slr10      sdmonly           1.66901      +0.00113  0.00012    +9.1    3.29893   2.62410      68.49   216410   1.2
p0_A_lr1        sdmonly           1.71002      +0.04214  0.00034  +124.7    2.52253   2.39338      68.49   215551   1.1
p0_A_qg1        sdmonly           2.28925      +0.62136  0.00199  +311.7    2.33324   2.33314      68.49   216321   1.0
NEXT -> record the table in PLAN_SDMONLY_TWO_DAY_PUSH_2026-10-03.md and score the sealed predictions
