run             arm              TEST bpb     vs p0_A_c       SE       z  zero_read   shuffle  non-emb M    tok/s  load
p0_A_dense      sdmonly_dense     1.58587      -0.07716  0.00041  -186.2                            1.45   116326   1.0
p0_R_S          sdm               1.59607      -0.06695  0.00038  -176.3    1.60718   1.60179       3.36   193457   0.5
p0_A_ro         sdmonly           1.59902      -0.06401  0.00037  -173.8    1.60559   1.60416      69.02    83526   1.1
p0_R_Q          qwen              1.60059      -0.06243  0.00054  -116.3                            2.90   113948   1.0
p0_R_N          sdm_nostore       1.60164      -0.06139  0.00036  -168.7                            1.38   121864   1.0
p0_A_lr10       sdmonly           1.64615      -0.01687  0.00027   -62.2    2.45311   2.16686      68.49    86112   1.0
p0_A_lr6        sdmonly           1.64673      -0.01630  0.00023   -69.9    2.10951   1.96523      68.49    88959   1.0
p0_A_wsd        sdmonly           1.64810      -0.01492  0.00024   -61.6    2.37310   2.20707      68.49    85482   1.0
p0_A_slr1       sdmonly           1.65997      -0.00305  0.00010   -29.2    1.95495   1.94032      68.49    84685   1.3
p0_A_none       sdmonly_none      1.66026      -0.00276  0.00021   -13.0                            0.86   126021   1.1
p0_A_wd         sdmonly           1.66117      -0.00185  0.00008   -23.1    1.87099   1.82633      68.49    84379   1.0
p0_A_soft5      sdmonly           1.66126      -0.00176  0.00008   -21.7    2.38516   2.27217      68.49    87372   2.3
p0_A_k16        sdmonly           1.66244      -0.00059  0.00008    -7.4    2.42229   2.35684      68.49    95144   2.2
p0_A_heads4     sdmonly           1.66269      -0.00034  0.00021    -1.6    2.57471   2.39419      70.06    53675   1.0
p0_A_n512       sdmonly           1.66281      -0.00022  0.00009    -2.4    2.19020   2.15987     270.08    72670   1.1
p0_A_share      sdmonly           1.66293      -0.00010  0.00009    -1.1    2.50148   2.07121      17.96    91885   1.0
p0_A_n128       sdmonly           1.66299      -0.00004  0.00009    -0.4    2.25448   2.00206      18.03    89924   1.2
p0_A_c          sdmonly           1.66303                                   2.30759   2.15286      68.49   118394   0.2
p0_A_h8         sdmonly           1.66317      +0.00014  0.00022    +0.7    3.04703   2.83099     136.12    67081   1.1
p0_A_h2         sdmonly           1.66346      +0.00043  0.00021    +2.1    1.87614   1.84343      34.67    99266   1.1
p0_A_k64        sdmonly           1.66350      +0.00047  0.00008    +5.8    2.37167   2.23798      68.49    67636   1.2
p0_A_slr10      sdmonly           1.66352      +0.00050  0.00012    +4.3    2.99519   2.38447      68.49    83175   1.1
p0_A_lr1        sdmonly           1.70952      +0.04649  0.00036  +130.4    2.27873   2.15707      68.49    85404   1.1
p0_A_qg1        sdmonly           2.31354      +0.65051  0.00182  +357.3    2.31797   2.31796      68.49    88406   1.1
NEXT -> record the table in PLAN_SDMONLY_TWO_DAY_PUSH_2026-10-03.md and score the sealed predictions
